       12.0        5.1
       12.1        5.2
       12.2        5.3
       12.3        5.4
       12.4        5.5
       12.5        5.6
       12.6        5.7
       12.7        5.8
       12.8        5.9
       12.9        6.0
       13.0        6.1
       13.1        6.2
       13.2        6.2
       13.3        6.3
       13.4        6.4
       13.5        6.5
       13.6        6.6
       13.7        6.7
       13.8        6.7
       13.9        6.8
       14.0        6.9
       14.1        7.0
       14.2        7.2
       14.3        7.4
       14.4        7.7
       14.5        8.0
       14.6        8.4
       14.7        8.7
       14.8        9.1
       14.9        9.3
       15.0        9.6
       15.1        9.7
       15.2        9.8
       15.3        9.9
       15.4       10.0
       15.5       10.1
       15.6       10.3
       15.7       10.7
       15.8       11.2
       15.9       11.8
       16.0       12.5
       16.1       13.3
       16.2       14.1
       16.3       14.9
       16.4       15.7
       16.5       16.5
       16.6       17.3
       16.7       18.1
       16.8       18.9
       16.9       19.7
       17.0       20.6
       17.1       21.4
       17.2       22.2
       17.3       23.0
       17.4       23.6
       17.5       24.2
       17.6       24.6
       17.7       24.8
       17.8       24.9
       17.9       24.8
       18.0       24.5
       18.1       24.0
       18.2       23.4
       18.3       22.7
       18.4       21.9
       18.5       21.0
       18.6       20.1
       18.7       19.2
       18.8       18.4
       18.9       17.6
       19.0       17.0
       19.1       16.6
       19.2       16.4
       19.3       16.4
       19.4       16.6
       19.5       17.0
       19.6       17.5
       19.7       18.1
       19.8       18.8
       19.9       19.5
       20.0       20.3
       20.1       21.1
       20.2       21.9
       20.3       22.6
       20.4       23.4
       20.5       24.1
       20.6       24.9
       20.7       25.6
       20.8       26.4
       20.9       27.3
       21.0       28.3
       21.1       29.3
       21.2       30.4
       21.3       31.6
       21.4       32.9
       21.5       34.1
       21.6       35.3
       21.7       36.3
       21.8       37.1
       21.9       37.7
       22.0       38.2
       22.1       38.4
       22.2       38.4
       22.3       38.3
       22.4       38.2
       22.5       38.0
       22.6       37.7
       22.7       37.6
       22.8       37.5
       22.9       37.5
       23.0       37.6
       23.1       37.8
       23.2       38.1
       23.3       38.4
       23.4       38.7
       23.5       38.9
       23.6       39.0
       23.7       39.0
       23.8       38.9
       23.9       38.7
       24.0       38.5
       24.1       38.1
       24.2       37.8
       24.3       37.3
       24.4       36.9
       24.5       36.5
       24.6       36.0
       24.7       35.6
       24.8       35.3
       24.9       35.0
       25.0       34.6
       25.1       34.4
       25.2       34.1
       25.3       33.8
       25.4       33.5
       25.5       33.1
       25.6       32.7
       25.7       32.3
       25.8       31.8
       25.9       31.4
       26.0       30.9
       26.1       30.4
       26.2       30.0
       26.3       29.6
       26.4       29.3
       26.5       29.2
       26.6       29.1
       26.7       29.1
