   Z  A  El   I0    Bn       D0        Derr    Nlow  Ulow   Ntop  Utop      dW      gamma      ainf     aerr    delta0    pairing    Equad     Eoct     beta2
  11  24 Na  1.5   6.875  9.500E+04  3.000E+04   8   1.886   16   3.589  -0.67667   0.24256   2.44909   0.190   2.44949  -2.24362   4.76086   7.32440   0.328
  12  25 Mg  0.0   7.331  4.700E+05  1.400E+05   7   2.801   16   4.722  -1.35233   0.23928   1.98754   0.145   2.40000  -0.27018   4.76836   7.33593   0.333
  12  26 Mg  2.5  11.093  4.300E+04  1.700E+04   7   4.350   25   7.242  -0.54881   0.23617   1.73122   0.205   2.35339  -0.57168   4.42438   6.80674  -0.310
  12  27 Mg  0.0   6.443  2.600E+05  5.000E+04   8   3.562   29   5.909  -0.50603   0.23322   2.70146   0.135   2.30940  -1.41156   4.27799   6.58153   0.000
  13  28 Al  2.5   7.725  4.500E+04  1.500E+04   6   1.623   20   3.591  -1.98058   0.23041   2.75312   0.185   2.26779  -1.53199   4.48991   6.90755  -0.254
  14  29 Si  0.0   8.395  2.000E+05  6.000E+04   5   3.624   24   6.713  -3.71992   0.22773   3.07177   0.185   2.22834  -1.40983   4.82638   7.42521  -0.300
  14  30 Si  0.5  10.609  3.500E+05  1.600E+05   4   3.788   19   6.915  -2.12810   0.22517   2.03797   0.225   2.19089  -0.95428   4.27404   6.57544   0.000
  15  32 P   0.5   7.936  7.500E+04  2.000E+04   8   2.230   15   3.443  -2.70541   0.22038   3.10637   0.150   2.12132  -2.40173   4.18544   6.43914   0.000
  16  33 S   0.0   8.642  1.500E+05  3.500E+04   2   1.967   25   5.282  -2.39951   0.21813   2.53782   0.115   2.08893  -0.39468   4.00858   6.16704   0.000
  16  34 S   1.5  11.417  2.700E+04  1.000E+04   8   4.877   15   5.756  -1.35992   0.21597   2.28126   0.190   2.05798  -0.81405   3.69201   5.68002   0.000
  16  35 S   0.0   6.986  2.000E+05  7.000E+04   6   3.421   17   4.180  -0.58071   0.21389   2.46502   0.210   2.02837   0.22173   3.45929   5.32198   0.000
  17  36 Cl  1.5   8.580  2.300E+04  6.000E+03   8   2.518   17   3.332  -1.64007   0.21190   2.84961   0.140   2.00000  -1.39853   3.57399   5.49845   0.000
  17  38 Cl  1.5   6.108  1.500E+04  4.000E+03   2   0.755   15   3.254   0.87171   0.20811   3.50068   0.225   1.94666  -1.69254   3.00538   4.62366  -0.018
  18  41 Ar  0.0   6.010  7.020E+04  1.700E+04   7   1.988   15   3.010   3.12748   0.20291   2.85062   0.215   1.87409   0.02908   2.54582   3.91665   0.000
  19  40 K   1.5   7.800  1.500E+04  5.000E+03   8   2.104   19   2.747   0.14772   0.20458   2.98890   0.210   1.89737  -1.07183   2.98310   4.58938  -0.035
  19  42 K   1.5   7.534  1.500E+04  5.000E+03   8   1.111   16   1.400   2.22300   0.20128   2.53726   0.205   1.85164   0.46853   2.59677   3.99503   0.000
  20  41 Ca  0.0   8.363  3.260E+04  4.300E+03   6   2.671   16   3.614  -0.14840   0.20291   3.23063   0.085   1.87409  -0.45618   2.96593   4.56297   0.000
  20  43 Ca  0.0   7.933  2.000E+04  5.000E+03   3   0.990   29   3.030   1.99300   0.19971   2.92888   0.170   1.82998   0.73842   2.57297   3.95842   0.000
  20  44 Ca -3.5  11.131  1.800E+03  3.000E+02   8   3.308   27   4.409   2.15382   0.19819   2.55645   0.110   1.80907   0.26163   2.50583   3.85512   0.000
  20  45 Ca  0.0   7.415  2.410E+04  3.200E+03   8   1.900   23   3.024   2.00908   0.19671   3.02813   0.100   1.78885   0.33018   2.47551   3.80847   0.000
  21  46 Sc -3.5   8.761  1.300E+03  1.000E+02   6   0.444   15   1.121   1.45880   0.19527   3.25441   0.050   1.76930   0.17878   2.49291   3.83524  -0.008
  22  47 Ti  0.0   8.880  2.500E+04  4.400E+03   3   1.252   15   2.406   0.72634   0.19388   2.71730   0.105   1.75038   0.40236   2.53516   3.90025   0.000
  22  48 Ti -2.5  11.627  1.750E+03  2.500E+02   2   2.296   15   3.699   0.66406   0.19252   2.72030   0.085   1.73205   0.51337   2.49858   3.84397   0.000
  22  49 Ti  0.0   8.142  1.830E+04  2.900E+03   8   2.261   16   2.721   0.24363   0.19120   3.32469   0.110   1.71429   0.31278   2.50702   3.85696   0.000
  22  50 Ti -3.5  10.939  4.000E+03  8.000E+02   5   3.868   15   4.576  -0.46146   0.18992   2.94377   0.125   1.69706  -0.75594   2.55413   3.92943   0.000
  22  51 Ti  0.0   6.372  1.250E+05  7.000E+04   3   1.567   16   3.644  -0.31361   0.18867   2.78636   0.445   1.68034  -0.71958   2.49346   3.83609   0.000
  23  51 V   6.0  11.051  2.300E+03  6.000E+02   2   0.929   15   3.310  -0.64619   0.18867   3.10811   0.165   1.68034  -0.80589   2.53631   3.90201   0.000
  23  52 V  -3.5   7.311  4.100E+03  6.000E+02   4   0.148   15   1.733  -0.61442   0.18745   4.01582   0.110   1.66410  -0.79796   2.49151   3.83308   0.000
  24  51 Cr  0.0   9.261  1.330E+04  1.300E+03   6   1.557   15   2.763  -1.08877   0.18867   3.58362   0.065   1.68034  -0.24811   2.59566   3.99333   0.107
  24  53 Cr  0.0   7.939  4.340E+04  4.370E+03   5   1.974   25   3.382  -1.13481   0.18626   3.37501   0.065   1.64833  -0.25659   2.51991   3.87679   0.000
  24  54 Cr -1.5   9.719  7.800E+03  8.000E+02   4   2.830   15   3.799  -0.30818   0.18511   2.87641   0.065   1.63299  -0.12087   2.37682   3.65664   0.180
  24  55 Cr  0.0   6.246  6.200E+04  8.000E+03   8   1.474   24   2.895   0.42365   0.18398   3.42546   0.105   1.61808  -0.20070   2.25688   3.47212   0.189
  25  56 Mn -2.5   7.270  2.300E+03  4.000E+02   6   0.341   16   0.974  -0.64373   0.18288   4.15871   0.125   1.60357  -0.05719   2.34584   3.60898   0.208
  26  55 Fe  0.0   9.298  1.800E+04  2.400E+03   3   1.317   15   2.578  -2.97928   0.18398   4.02390   0.075   1.61808  -0.25489   2.70809   4.16629   0.000
  26  57 Fe  0.0   7.646  2.540E+04  2.200E+03   8   1.266   15   2.113  -1.31103   0.18180   3.94016   0.065   1.58944  -0.27826   2.39403   3.68312   0.189
  26  58 Fe -0.5  10.045  6.500E+03  1.000E+03   2   1.675   22   3.790  -0.52836   0.18075   3.11070   0.095   1.57568   0.14920   2.26474   3.48421   0.199
  26  59 Fe  0.0   6.581  2.540E+04  4.900E+03   6   0.726   16   1.962   0.28040   0.17972   3.80584   0.155   1.56227   0.15892   2.14366   3.29795   0.219
  27  60 Co -3.5   7.492  1.250E+03  1.500E+02   7   0.615   15   1.208  -0.60652   0.17872   4.61179   0.095   1.54919  -0.43825   2.21052   3.40080   0.163
  28  59 Ni  0.0   8.999  1.340E+04  9.000E+02   2   0.465   23   2.681  -3.08201   0.17972   4.42143   0.045   1.56227  -0.06450   2.56971   3.95340   0.000
  28  60 Ni -1.5  11.388  2.000E+03  7.000E+02   7   3.124   32   4.191  -2.24482   0.17872   3.54345   0.195   1.54919   0.48658   2.41449   3.71460   0.027
  28  61 Ni  0.0   7.820  1.380E+04  9.000E+02   8   1.185   15   1.998  -1.25198   0.17774   4.26983   0.050   1.53644  -0.14070   2.25535   3.46976  -0.130
  28  62 Ni -1.5  10.597  2.100E+03  1.500E+02   6   3.059   18   3.518  -0.76675   0.17678   3.38822   0.045   1.52400   0.40006   2.16886   3.33670  -0.096
  28  63 Ni  0.0   6.838  1.600E+04  3.000E+03   8   1.324   18   2.353   0.15765   0.17584   4.27420   0.160   1.51186  -0.19485   2.04199   3.14152  -0.122
  28  65 Ni  0.0   6.098  1.960E+04  3.000E+03   7   1.418   17   2.325   1.22812   0.17401   4.20582   0.145   1.48842  -0.07692   1.88917   2.90641  -0.079
  29  64 Cu -1.5   7.916  9.500E+02  9.000E+01   4   0.362   29   1.607  -0.25753   0.17492   4.61734   0.075   1.50000  -0.62502   2.05775   3.16576   0.153
  29  66 Cu -1.5   7.066  1.300E+03  1.100E+02   5   0.465   16   1.158   0.91424   0.17313   4.51634   0.075   1.47710  -0.30906   1.89328   2.91274  -0.156
  30  65 Zn  0.0   7.979  3.590E+03  1.600E+02   7   0.910   18   1.603   0.54034   0.17401   4.20903   0.040   1.48842   0.62979   1.95243   3.00373  -0.264
  30  67 Zn  0.0   7.052  4.620E+03  5.500E+02   2   0.185   19   1.643   1.84642   0.17227   4.03226   0.100   1.46603   0.77817   1.78992   2.75373  -0.182
  30  68 Zn -2.5  10.198  4.000E+02  6.000E+01   8   2.751   15   3.160   1.95394   0.17142   3.64920   0.120   1.45521  -0.16677   1.75930   2.70662  -0.156
  30  69 Zn  0.0   6.482  5.560E+03  4.300E+02   2   0.531   25   1.983   2.64270   0.17058   3.99585   0.075   1.44463   0.65975   1.68516   2.59255  -0.164
  30  71 Zn  0.0   5.834  7.200E+03  8.000E+02   8   1.078   15   1.857   3.26933   0.16897   4.56232   0.125   1.42414   0.02839   1.60119   2.46338   0.053
  31  70 Ga -1.5   7.654  3.500E+02  6.000E+01   4   0.879   29   1.359   2.33109   0.16977   4.56240   0.145   1.43427   0.01452   1.68831   2.59740  -0.207
  31  72 Ga -1.5   6.520  3.800E+02  6.000E+01   8   0.229   16   0.408   3.40927   0.16818   4.49203   0.140   1.41421   0.77014   1.57318   2.42028  -0.215
  32  71 Ge  0.0   7.416  8.900E+02  2.100E+02   2   0.198   17   1.154   3.21835   0.16897   4.49370   0.215   1.42414   1.12739   1.60471   2.46879  -0.215
  32  73 Ge  0.0   6.783  1.500E+03  3.000E+02   6   0.392   20   0.904   3.75953   0.16741   4.08226   0.180   1.40449   1.51173   1.53227   2.35734  -0.224
  32  74 Ge  4.5  10.196  6.200E+01  1.500E+01   6   1.725   19   2.697   3.21943   0.16665   4.00751   0.205   1.39497   0.39876   1.55024   2.38498  -0.224
  32  75 Ge  0.0   6.505  3.000E+03  1.000E+03   6   0.317   24   1.257   3.39318   0.16591   4.14116   0.320   1.38564   0.92531   1.52161   2.34094   0.089
  32  77 Ge  0.0   6.072  4.500E+03  1.500E+03   8   0.629   15   1.189   2.60836   0.16446   4.51096   0.340   1.36753   0.63496   1.54028   2.36966   0.153
  33  76 As -1.5   7.328  7.700E+01  8.000E+00   6   0.204   27   0.505   3.70232   0.16518   5.03128   0.095   1.37649   0.70939   1.48528   2.28504  -0.258
  34  75 Se  0.0   8.028  3.400E+02  8.000E+01   8   0.628   25   1.074   3.71190   0.16591   4.44438   0.205   1.38564   1.39382   1.50116   2.30947  -0.241
  34  77 Se  0.0   7.419  6.500E+02  1.000E+02   5   0.301   16   0.970   3.76413   0.16446   4.47733   0.140   1.36753   0.98399   1.46537   2.25441  -0.258
  34  78 Se -0.5  10.498  1.100E+02  3.000E+01   4   1.503   16   2.546   3.18634   0.16375   4.28535   0.225   1.35873   0.42271   1.48582   2.28587   0.143
  34  79 Se  0.0   6.963  2.000E+03  5.000E+02   4   0.365   15   0.819   3.24606   0.16306   4.14541   0.220   1.35011   1.17923   1.46635   2.25593   0.153
  34  81 Se  0.0   6.701  2.000E+03  8.000E+02   7   0.782   19   1.828   2.00050   0.16171   5.17274   0.435   1.33333  -0.06571   1.51742   2.33450   0.163
  34  83 Se  0.0   5.818  5.000E+03  2.500E+03   8   1.063   15   1.710   0.80249   0.16040   6.03133   0.620   1.31717  -0.16045   1.57252   2.41926   0.089
  35  80 Br -1.5   7.892  4.700E+01  5.000E+00   3   0.256   15   0.386   3.38664   0.16238   4.97260   0.095   1.34164   1.02716   1.44234   2.21898   0.107
  35  82 Br -1.5   7.593  1.050E+02  1.500E+01   6   0.420   29   1.083   2.09413   0.16105   5.53216   0.130   1.32518   0.01304   1.49562   2.30096   0.144
  36  79 Kr  0.0   8.334  2.500E+02  8.000E+01   3   0.149   28   1.039   3.55685   0.16306   4.67341   0.280   1.35011   1.36867   1.44701   2.22616  -0.249
  36  81 Kr  0.0   7.873  2.800E+02  6.000E+01   2   0.191   15   0.982   3.30001   0.16171   5.01193   0.200   1.33333   1.02026   1.43279   2.20430   0.071
  36  84 Kr  4.5  10.521  2.000E+02  1.000E+02   4   2.095   26   3.476   1.22962   0.15976   4.39106   0.440   1.30931  -0.39729   1.52558   2.34705   0.062
  36  85 Kr  0.0   7.121  1.000E+03  1.000E+02   7   1.417   19   2.135   0.71307   0.15913   6.39106   0.105   1.30158  -0.12939   1.54828   2.38197   0.062
  37  86 Rb -2.5   8.651  1.700E+02  3.000E+01   5   0.873   16   1.309   0.00312   0.15851   5.22039   0.140   1.29399  -0.60653   1.58768   2.44259   0.062
  37  88 Rb -1.5   6.083  1.800E+03  3.000E+02   8   1.086   15   1.372  -0.44083   0.15730   5.88246   0.165   1.27920  -0.79342   1.59291   2.45063   0.062
  38  85 Sr  0.0   8.530  3.200E+02  1.200E+02   7   1.111   22   1.649   1.85920   0.15913   5.24156   0.340   1.30158   0.47562   1.46710   2.25708   0.053
  38  87 Sr  0.0   8.428  2.600E+03  8.000E+02   7   1.770   18   2.536  -0.02788   0.15790   4.94755   0.265   1.28654  -0.79054   1.57490   2.42292   0.053
  38  88 Sr  4.5  11.113  2.900E+02  8.000E+01   4   3.219   26   4.514  -1.51453   0.15730   5.04317   0.220   1.27920  -1.73003   1.68543   2.59297   0.045
  38  89 Sr  0.0   6.359  2.370E+04  2.900E+03   7   2.079   15   2.930  -0.95346   0.15671   5.62908   0.130   1.27200  -1.55068   1.62045   2.49300   0.053
  39  90 Y  -0.5   6.857  3.700E+03  4.000E+02   3   0.777   16   1.815  -1.29039   0.15613   5.75988   0.095   1.26491  -1.32162   1.63434   2.51437   0.053
  40  91 Zr  0.0   7.194  6.000E+03  1.400E+03   3   1.882   17   2.578  -1.22782   0.15555   5.71209   0.215   1.25794  -0.69962   1.61397   2.48302   0.053
  40  92 Zr  2.5   8.635  5.500E+02  1.000E+02   3   1.495   16   2.904  -0.00102   0.15499   4.76524   0.160   1.25109  -0.27755   1.50122   2.30958   0.053
  40  93 Zr  0.0   6.734  3.500E+03  8.000E+02   8   1.463   18   2.075   0.48211   0.15443   5.59445   0.235   1.24434  -0.37396   1.45267   2.23487   0.053
  40  94 Zr  2.5   8.221  1.600E+02  1.500E+01   4   1.671   16   2.846   1.41776   0.15388   5.54305   0.100   1.23771  -0.18320   1.37688   2.11828   0.062
  40  95 Zr  0.0   6.462  3.200E+03  8.000E+02   3   1.140   18   2.317   1.51116   0.15334   5.41385   0.280   1.23117  -0.57481   1.35887   2.09056   0.180
  41  94 Nb  4.5   7.228  8.000E+01  1.000E+01   8   0.334   19   0.933   0.58504   0.15388   6.49410   0.125   1.23771  -0.40688   1.43258   2.20397   0.062
  42  93 Mo  0.0   8.070  2.700E+03  5.000E+02   8   2.146   16   2.425  -1.84327   0.15443   5.93458   0.155   1.24434  -0.50177   1.63871   2.52110   0.053
  42  95 Mo  0.0   7.369  1.320E+03  1.800E+02   8   1.074   20   1.660   0.09697   0.15334   5.84781   0.130   1.23117   0.06338   1.45449   2.23767   0.053
  42  96 Mo  2.5   9.154  1.050E+02  1.000E+01   6   1.628   15   2.441   1.02534   0.15280   5.19525   0.085   1.22474   0.01106   1.37819   2.12029   0.080
  42  97 Mo  0.0   6.821  1.050E+03  2.000E+02   6   0.753   20   1.321   1.69945   0.15228   5.52102   0.190   1.21842   0.40348   1.32389   2.03675   0.161
  42  98 Mo  2.5   8.643  7.500E+01  2.000E+01   4   1.510   18   2.344   2.45331   0.15176   5.03026   0.265   1.21218   0.26590   1.26855   1.95162   0.180
  42  99 Mo  0.0   5.925  1.000E+03  2.000E+02   3   0.351   15   0.905   3.37697   0.15124   5.47671   0.235   1.20605   0.73809   1.20816   1.85871   0.207
  42 101 Mo  0.0   5.398  8.000E+02  1.500E+02   2   0.057   22   0.626   4.67338   0.15024   5.30402   0.225   1.19404   1.27856   1.12576   1.73194   0.309
  43 100 Tc  4.5   6.764  1.200E+01  1.300E+00   8   0.300   17   0.457   3.02519   0.15074   6.86624   0.125   1.20000   0.47949   1.21639   1.87137   0.189
  44 100 Ru  2.5   9.673  2.500E+01  4.000E+00   6   1.865   28   2.517   1.29006   0.15074   5.67753   0.145   1.20000   0.32050   1.31553   2.02389   0.161
  44 102 Ru  2.5   9.220  1.800E+01  3.000E+00   7   1.603   19   2.303   2.64795   0.14975   5.66082   0.165   1.18818   0.29044   1.21641   1.87140   0.189
  44 103 Ru  0.0   6.232  5.500E+02  1.500E+02   7   0.298   16   0.555   3.54210   0.14926   5.24990   0.295   1.18240   1.19523   1.16074   1.78575   0.235
  44 105 Ru  0.0   5.910  3.000E+02  7.500E+01   8   0.246   21   0.671   4.24424   0.14831   6.00264   0.310   1.17108   0.97482   1.10920   1.70646   0.291
  45 104 Rh -0.5   6.999  3.200E+01  4.000E+00   8   0.213   15   0.359   2.97194   0.14878   6.96927   0.140   1.17670   0.34207   1.18001   1.81540   0.208
  46 105 Pd  0.0   7.094  2.400E+02  3.000E+01   4   0.345   17   0.808   2.06640   0.14831   6.03485   0.130   1.17108   0.93825   1.21867   1.87488   0.171
  46 106 Pd  2.5   9.561  1.030E+01  5.000E-01   6   1.562   28   2.500   2.34052   0.14784   6.05705   0.050   1.16554   0.18173   1.19425   1.83731   0.171
  46 107 Pd  0.0   6.536  2.700E+02  9.000E+01   8   0.392   19   0.809   3.19274   0.14738   5.97156   0.380   1.16008   0.87441   1.14140   1.75600   0.198
  46 108 Pd  2.5   9.228  1.100E+01  9.000E-01   8   1.540   22   2.391   3.17786   0.14692   5.82764   0.085   1.15470   0.15487   1.13331   1.74356   0.190
  46 109 Pd  0.0   6.154  1.820E+02  3.300E+01   8   0.291   16   0.434   3.82628   0.14647   5.99063   0.210   1.14939   1.46233   1.09404   1.68313   0.226
  46 111 Pd  0.0   5.726  1.500E+02  5.000E+01   7   0.275   15   0.585   4.15085   0.14558   6.96488   0.455   1.13899   1.04540   1.06310   1.63554  -0.250
  47 108 Ag -0.5   7.271  2.200E+01  4.000E+00   3   0.156   28   0.534   2.52108   0.14692   7.18139   0.195   1.15470   0.46844   1.16636   1.79441   0.162
  47 110 Ag -0.5   6.809  1.510E+01  1.400E+00   6   0.199   18   0.381   3.37599   0.14602   7.61164   0.115   1.14416   0.47864   1.10666   1.70255   0.171
  48 107 Cd  0.0   7.924  1.350E+02  3.500E+01   6   0.702   16   1.060   0.34826   0.14738   6.97523   0.255   1.16008   0.58407   1.30096   2.00147   0.135
  48 109 Cd  0.0   7.327  1.200E+02  3.000E+01   5   0.463   17   1.106   1.59715   0.14647   7.02314   0.275   1.14939   0.54226   1.20696   1.85686   0.135
  48 111 Cd  0.0   6.976  1.550E+02  2.000E+01   4   0.417   27   1.151   2.37875   0.14558   6.73271   0.145   1.13899   0.69816   1.14729   1.76506   0.154
  48 112 Cd  0.5   9.394  2.000E+01  4.000E+00   6   1.469   27   2.507   2.41276   0.14515   6.43074   0.210   1.13389   0.10780   1.13702   1.74925   0.144
  48 113 Cd  0.0   6.540  1.900E+02  2.500E+01   6   0.530   15   0.870   2.93438   0.14472   6.44357   0.150   1.12887   0.78485   1.10295   1.69685   0.163
  48 114 Cd  0.5   9.043  2.480E+01  2.600E+00   6   1.364   23   2.392   2.74087   0.14430   6.13566   0.115   1.12390   0.11178   1.10420   1.69877   0.163
  48 115 Cd  0.0   6.141  2.350E+02  3.500E+01   8   0.474   16   0.896   3.11318   0.14388   6.78590   0.185   1.11901   0.56963   1.07854   1.65929  -0.233
  48 117 Cd  0.0   5.777  3.900E+02  9.000E+01   6   0.338   15   0.691   2.92291   0.14305   6.51798   0.285   1.10940   0.83715   1.07198   1.64920  -0.250
  49 114 In  4.5   7.274  1.300E+01  3.000E+00   6   0.536   15   0.729   2.25012   0.14430   6.82609   0.250   1.12390  -0.05456   1.12856   1.73624   0.089
  49 116 In  4.5   6.785  9.500E+00  5.000E-01   8   0.373   15   0.557   2.59308   0.14346   7.52217   0.065   1.11417   0.00837   1.09543   1.68528   0.099
  50 113 Sn  0.0   7.743  1.570E+02  5.200E+01   4   0.738   17   1.540   0.75123   0.14472   7.18579   0.360   1.12887  -0.02925   1.21899   1.87537   0.045
  50 115 Sn  0.0   7.546  2.860E+02  1.060E+02   4   0.987   21   2.077   1.00591   0.14388   7.38546   0.435   1.11901  -0.43789   1.18673   1.82575   0.018
  50 117 Sn  0.0   6.943  3.800E+02  1.300E+02   7   1.304   15   1.589   1.44119   0.14305   6.99472   0.415   1.10940  -0.25732   1.14606   1.76316  -0.044
  50 118 Sn  0.5   9.327  5.500E+01  5.000E+00   2   1.758   15   2.575   1.18009   0.14265   6.40963   0.095   1.10469  -0.23518   1.15199   1.77229   0.000
  50 119 Sn  0.0   6.484  4.800E+02  9.000E+01   8   1.089   15   1.379   1.46645   0.14225   6.88270   0.220   1.10004   0.15149   1.12865   1.73639   0.000
  50 120 Sn  0.5   9.108  9.000E+01  2.000E+01   6   2.194   21   2.750   0.88142   0.14185   6.32366   0.225   1.09545  -0.37821   1.15221   1.77263   0.000
  50 121 Sn  0.0   6.170  1.640E+03  2.000E+02   3   0.664   19   1.441   0.96766   0.14146   6.07635   0.135   1.09091   0.19222   1.13956   1.75318  -0.008
  50 125 Sn  0.0   5.733  5.000E+03  1.200E+03   8   1.072   16   1.892  -1.44208   0.13993   7.77250   0.285   1.07331  -0.63123   1.25311   1.92786   0.000
  51 122 Sb  2.5   6.806  1.300E+01  2.000E+00   2   0.078   17   0.334   1.67533   0.14107   7.58860   0.170   1.08643   0.41628   1.09482   1.68435  -0.113
  51 124 Sb  3.5   6.468  2.400E+01  3.000E+00   8   0.132   15   0.248   0.76078   0.14031   7.62447   0.140   1.07763   0.45330   1.12767   1.73488  -0.105
  52 123 Te  0.0   6.929  1.320E+02  1.500E+01   7   0.533   16   0.887   1.99282   0.14069   7.00139   0.130   1.08200   0.51612   1.07170   1.64878  -0.139
  52 124 Te  0.5   9.424  1.700E+01  3.000E+00   7   1.958   15   2.282   1.30731   0.14031   7.24084   0.185   1.07763  -0.12526   1.09874   1.69038  -0.113
  52 125 Te  0.0   6.569  1.900E+02  2.000E+01   2   0.145   15   0.805   1.24816   0.13993   7.36675   0.125   1.07331   0.67086   1.09445   1.68377  -0.113
  52 126 Te  0.5   9.114  3.800E+01  5.000E+00   3   1.420   16   2.386   0.36342   0.13956   7.28391   0.140   1.06904  -0.13814   1.13445   1.74530  -0.105
  52 127 Te  0.0   6.288  5.500E+02  1.000E+02   2   0.088   16   0.984   0.10162   0.13919   7.37870   0.200   1.06483   0.45038   1.14168   1.75642  -0.104
  52 129 Te  0.0   6.082  7.400E+02  1.500E+02   3   0.244   16   0.967  -1.46133   0.13847   8.74775   0.235   1.05654   0.32080   1.22191   1.87987  -0.008
  52 131 Te  0.0   5.929  1.500E+03  5.000E+02   7   0.943   16   1.470  -3.42307   0.13776  10.17987   0.380   1.04844  -0.29056   1.34911   2.07555   0.000
  53 128 I   2.5   6.826  1.500E+01  3.000E+00   8   0.161   18   0.296   0.63753   0.13883   7.98500   0.215   1.06066   0.42254   1.10478   1.69967  -0.122
  53 130 I   3.5   6.500  3.000E+01  3.000E+00   8   0.080   22   0.265  -0.68021   0.13812   8.21324   0.105   1.05247   0.42909   1.16499   1.79229  -0.104
  54 129 Xe  0.0   6.909  2.500E+02  1.000E+02   5   0.322   21   0.909   0.96432   0.13847   6.71248   0.435   1.05654   0.59243   1.08053   1.66236   0.143
  54 130 Xe  0.5   9.256  3.800E+01  5.000E+00   8   1.944   21   2.362   0.15310   0.13812   7.19636   0.130   1.05247  -0.11065   1.11682   1.71818  -0.113
  54 131 Xe  0.0   6.605  2.300E+02  6.000E+01   5   0.405   17   1.034  -0.17704   0.13776   8.37420   0.305   1.04844   0.31830   1.12819   1.73568  -0.113
  54 132 Xe  1.5   8.937  4.900E+01  1.500E+01   5   1.850   17   2.353  -1.15114   0.13741   7.43228   0.300   1.04447  -0.12300   1.17900   1.81384   0.000
  54 133 Xe  0.0   6.434  7.500E+02  2.360E+02   8   0.911   16   1.386  -1.76799   0.13707   8.90345   0.360   1.04053  -0.12597   1.21125   1.86346  -0.018
  54 135 Xe  0.0   6.364  1.600E+03  6.000E+02   8   1.565   17   2.093  -3.80469   0.13639  11.46538   0.455   1.03280  -0.96127   1.34672   2.07187   0.027
  54 137 Xe  0.0   4.026  1.300E+04  6.000E+03   6   1.461   15   1.809  -3.89606   0.13572  13.70422   0.745   1.02523  -0.60537   1.33786   2.05825  -0.018
  55 134 Cs  3.5   6.892  2.100E+01  2.000E+00   8   0.194   15   0.291  -0.89501   0.13673   8.41879   0.105   1.03664   0.27588   1.14871   1.76724  -0.104
  56 131 Ba  0.0   7.494  5.800E+01  1.000E+01   6   0.365   18   0.895   1.69359   0.13776   7.30158   0.190   1.04844   0.51448   1.03091   1.58601   0.162
  56 133 Ba  0.0   7.190  1.100E+02  3.500E+01   4   0.302   17   1.022   0.80672   0.13707   7.76211   0.360   1.04053   0.38443   1.06136   1.63286   0.126
  56 135 Ba  0.0   6.972  3.710E+02  3.600E+01   2   0.268   15   1.214  -0.46966   0.13639   7.63974   0.105   1.03280   0.08272   1.11675   1.71807  -0.113
  56 136 Ba  1.5   9.108  4.000E+01  6.000E+00   4   1.867   19   2.391  -1.40178   0.13605   7.72415   0.150   1.02899  -0.19969   1.16553   1.79312   0.000
  56 137 Ba  0.0   6.906  1.210E+03  1.190E+02   7   1.464   15   2.047  -2.24398   0.13572   8.91652   0.115   1.02523  -0.98248   1.21338   1.86674   0.035
  56 138 Ba  1.5   8.612  2.600E+02  5.000E+01   8   2.340   21   2.991  -3.13522   0.13539   8.28100   0.190   1.02151  -1.03600   1.26978   1.95352   0.000
  56 139 Ba  0.0   4.723  1.870E+04  2.900E+03   5   1.421   15   1.877  -2.22903   0.13507   8.39844   0.205   1.01783  -0.73206   1.19781   1.84278  -0.026
  57 139 La  5.0   8.778  3.200E+01  6.000E+00   4   1.257   21   1.856  -2.22290   0.13507   7.66894   0.175   1.01783  -0.49096   1.19739   1.84214   0.000
  57 140 La  3.5   5.161  2.200E+02  4.000E+01   8   0.163   25   0.831  -1.41655   0.13475   9.51947   0.230   1.01419  -0.41010   1.13862   1.75172  -0.035
  58 137 Ce  0.0   7.482  5.000E+01  2.000E+01   8   0.867   17   1.337   0.50146   0.13572   8.84106   0.495   1.02523  -0.02692   1.05089   1.61676  -0.122
  58 141 Ce  0.0   5.428  3.100E+03  5.000E+02   6   1.497   19   2.044  -1.07756   0.13443   9.04358   0.220   1.01058  -0.77508   1.11160   1.71016  -0.035
  58 142 Ce -3.5   7.170  6.500E+01  2.000E+01   2   1.219   21   2.384  -0.31566   0.13411   7.40909   0.370   1.00702  -0.16841   1.06230   1.63431   0.000
  58 143 Ce  0.0   5.145  1.100E+03  5.000E+02   2   0.042   17   1.298   0.40921   0.13380   7.82719   0.655   1.00349   0.02631   1.01860   1.56708   0.134
  59 142 Pr  2.5   5.843  1.100E+02  2.000E+01   8   0.145   24   0.911  -0.43843   0.13411   8.61260   0.220   1.00702  -0.42433   1.06897   1.64457  -0.035
  60 143 Nd  0.0   6.124  8.600E+02  8.000E+01   8   1.556   23   2.005  -0.41815   0.13380   8.73128   0.125   1.00349  -0.63799   1.06164   1.63329  -0.035
  60 144 Nd -3.5   7.817  3.500E+01  5.000E+00   8   2.093   29   2.593   0.34170   0.13349   7.56067   0.170   1.00000  -0.43584   1.01606   1.56317   0.000
  60 145 Nd  0.0   5.755  4.500E+02  5.000E+01   8   0.937   21   1.339   1.10949   0.13318   8.18740   0.150   0.99655   0.00027   0.97348   1.49766   0.134
  60 146 Nd -3.5   7.565  1.700E+01  3.000E+00   6   1.377   15   1.777   1.67836   0.13287   7.18244   0.210   0.99313   0.18030   0.94252   1.45003   0.161
  60 147 Nd  0.0   5.292  2.900E+02  5.000E+01   4   0.215   20   0.957   2.48818   0.13257   7.96920   0.250   0.98974   0.47109   0.90342   1.38988   0.181
  60 148 Nd -2.5   7.333  3.500E+00  1.700E+00   5   1.023   17   1.600   2.86341   0.13227   7.99030   0.695   0.98639   0.51524   0.88359   1.35937   0.206
  60 149 Nd  0.0   5.039  1.550E+02  2.000E+01   2   0.138   15   0.404   3.51912   0.13198   7.85333   0.190   0.98308   1.05341   0.85415   1.31408   0.215
  60 151 Nd  0.0   5.335  1.650E+02  1.500E+01   8   0.250   28   0.766   3.40400   0.13139   7.54811   0.130   0.97655   0.81970   0.84887   1.30595   0.252
  61 148 Pm  3.5   5.895  5.200E+00  1.200E+00   8   0.305   18   0.462   2.86178   0.13227   9.04169   0.320   0.98639   0.17431   0.88365   1.35947   0.189
  62 145 Sm  0.0   6.757  6.700E+02  6.000E+01   4   1.436   17   1.877  -0.22344   0.13318   7.73631   0.105   0.99655  -0.63709   1.03909   1.59860  -0.035
  62 148 Sm -3.5   8.141  5.100E+00  5.000E-01   8   1.465   29   2.205   2.03332   0.13227   7.66301   0.125   0.98639   0.00740   0.91688   1.41058   0.161
  62 149 Sm  0.0   5.871  1.000E+02  2.000E+01   7   0.558   19   0.836   2.90239   0.13198   7.92640   0.275   0.98308   0.55622   0.87715   1.34946   0.180
  62 150 Sm -3.5   7.987  2.100E+00  3.000E-01   3   0.773   21   1.765   3.24528   0.13168   7.20921   0.175   0.97980   0.43963   0.85941   1.32217   0.206
  62 151 Sm  0.0   5.596  4.600E+01  8.000E+00   5   0.105   16   0.307   3.97282   0.13139   7.95650   0.245   0.97655   1.12459   0.82872   1.27496   0.215
  62 152 Sm -2.5   8.258  1.040E+00  1.500E-01   5   0.810   17   1.310   3.62388   0.13110   7.65319   0.175   0.97333   0.83992   0.83635   1.28670   0.243
  62 153 Sm  0.0   5.868  4.800E+01  5.000E+00   4   0.065   17   0.266   3.67784   0.13082   7.47753   0.135   0.97014   1.25900   0.82990   1.27677   0.261
  62 155 Sm  0.0   5.807  1.140E+02  1.500E+01   7   0.251   15   0.618   2.94129   0.13025   7.69658   0.180   0.96386   0.58776   0.84732   1.30357   0.270
  63 152 Eu  2.5   6.307  7.300E-01  7.000E-02   2   0.065   17   0.149   4.21396   0.13110   9.36780   0.135   0.97333   0.70568   0.81597   1.25534   0.224
  63 153 Eu -3.0   8.550  5.600E-01  1.000E-01   6   0.193   15   0.478   3.88018   0.13082   7.17090   0.195   0.97014   0.80810   0.82287   1.26595   0.252
  63 154 Eu  2.5   6.442  1.100E+00  2.000E-01   8   0.101   19   0.181   3.67151   0.13053   9.05262   0.245   0.96699   0.61807   0.82563   1.27019   0.262
  63 155 Eu -3.0   8.151  9.200E-01  1.200E-01   8   0.307   16   0.627   3.32567   0.13025   7.57395   0.150   0.96386   0.64057   0.83336   1.28209   0.270
  63 156 Eu  2.5   6.340  4.300E+00  1.500E+00   2   0.048   15   0.260   2.82727   0.12997   8.66668   0.470   0.96077   0.18278   0.84700   1.30308   0.270
  64 153 Gd  0.0   6.247  1.400E+01  3.000E+00   6   0.135   19   0.321   3.97879   0.13082   8.13852   0.285   0.97014   1.23252   0.81948   1.26074   0.215
  64 155 Gd  0.0   6.435  1.450E+01  1.500E+00   8   0.214   16   0.326   3.70447   0.13025   8.00579   0.135   0.96386   1.18482   0.82004   1.26160   0.252
  64 156 Gd -1.5   8.536  1.700E+00  2.000E-01   4   0.965   16   1.366   3.26949   0.12997   7.61828   0.140   0.96077   0.70201   0.83091   1.27832   0.271
  64 157 Gd  0.0   6.360  3.000E+01  6.000E+00   5   0.180   15   0.479   3.05149   0.12969   8.02190   0.260   0.95770   0.85419   0.83431   1.28356   0.271
  64 158 Gd -1.5   7.937  4.900E+00  5.000E-01   2   0.261   17   1.372   2.81439   0.12942   7.23553   0.120   0.95467   0.79186   0.83853   1.29005   0.271
  64 159 Gd  0.0   5.943  8.200E+01  6.000E+00   8   0.227   19   0.642   2.62964   0.12915   7.99601   0.100   0.95166   0.61553   0.84095   1.29376   0.280
  64 161 Gd  0.0   5.635  2.000E+02  2.000E+01   8   0.438   23   0.925   2.24450   0.12861   7.84854   0.135   0.94573   0.47888   0.84664   1.30252   0.290
  65 160 Tb  1.5   6.375  4.200E+00  3.000E-01   4   0.079   22   0.279   2.58500   0.12888   9.05116   0.095   0.94868   0.27882   0.83822   1.28957   0.271
  66 157 Dy  0.0   6.969  4.800E+00  1.600E+00   8   0.239   16   0.401   3.60370   0.12969   8.71537   0.445   0.95770   1.00550   0.81479   1.25353   0.252
  66 159 Dy  0.0   6.833  2.200E+01  1.100E+01   6   0.239   27   0.635   3.15765   0.12915   7.85593   0.670   0.95166   0.90374   0.82177   1.26426   0.271
  66 161 Dy  0.0   6.454  2.700E+01  5.000E+00   8   0.201   20   0.508   2.76808   0.12861   8.12750   0.235   0.94573   0.86541   0.82717   1.27257   0.272
  66 162 Dy  2.5   8.197  2.400E+00  2.000E-01   3   0.549   18   1.391   2.46351   0.12835   7.51554   0.095   0.94281   0.73123   0.83407   1.28319   0.281
  66 163 Dy  0.0   6.271  6.200E+01  5.000E+00   3   0.251   16   0.515   2.16632   0.12808   7.94057   0.105   0.93991   0.81631   0.84093   1.29374   0.281
  66 164 Dy -2.5   7.658  6.800E+00  6.000E-01   3   0.501   15   1.261   2.01707   0.12782   7.22664   0.105   0.93704   0.80047   0.84233   1.29589   0.292
  66 165 Dy  0.0   5.716  1.500E+02  1.000E+01   6   0.186   19   0.605   1.90875   0.12756   8.08510   0.090   0.93420   0.58125   0.84221   1.29571   0.293
  67 166 Ho -3.5   6.244  4.200E+00  5.000E-01   2   0.054   16   0.373   1.71872   0.12731   9.38038   0.160   0.93138   0.05190   0.84532   1.30049   0.293
  68 163 Er  0.0   6.903  8.000E+00  2.000E+00   8   0.199   18   0.462   3.04212   0.12808   8.69696   0.325   0.93991   0.84027   0.80897   1.24457   0.272
  68 165 Er  0.0   6.650  2.100E+01  4.000E+00   3   0.077   19   0.467   2.57045   0.12756   8.17576   0.240   0.93420   0.88959   0.81752   1.25773   0.282
  68 167 Er  0.0   6.436  3.800E+01  3.000E+00   6   0.295   28   0.763   1.91820   0.12705   8.48383   0.105   0.92859   0.66661   0.83344   1.28222   0.294
  68 168 Er  3.5   7.771  4.200E+00  3.000E-01   3   0.549   15   1.311   1.84559   0.12680   7.55587   0.085   0.92582   0.64703   0.83206   1.28009   0.294
  68 169 Er  0.0   6.003  1.000E+02  1.000E+01   8   0.285   16   0.599   1.66137   0.12655   8.32000   0.135   0.92308   0.51365   0.83500   1.28461   0.304
  68 171 Er  0.0   5.682  1.470E+02  2.000E+01   8   0.378   19   0.737   1.52258   0.12605   8.57137   0.185   0.91766   0.43223   0.83218   1.28028   0.305
  69 170 Tm  0.5   6.592  8.500E+00  7.000E-01   2   0.115   21   0.440   1.52210   0.12630   9.62657   0.105   0.92036   0.01764   0.83628   1.28658   0.295
  69 171 Tm -1.0   7.486  3.900E+00  1.000E+00   7   0.520   15   0.750   1.64556   0.12605   8.80015   0.315   0.91766   0.37833   0.82746   1.27301   0.296
  70 169 Yb  0.0   6.867  8.000E+00  3.000E+00   8   0.264   25   0.722   2.33088   0.12655   9.35902   0.515   0.92308   0.64075   0.80996   1.24610   0.294
  70 170 Yb  3.5   8.470  1.600E+00  4.000E-01   6   1.139   19   1.438   2.11691   0.12630   7.63533   0.290   0.92036   0.57510   0.81379   1.25198   0.295
  70 171 Yb  0.0   6.614  3.300E+01  6.000E+00   8   0.247   15   0.509   1.88505   0.12605   8.42588   0.230   0.91766   0.59325   0.81840   1.25908   0.295
  70 172 Yb -0.5   8.019  5.800E+00  5.000E-01   5   1.043   16   1.376   1.74775   0.12581   8.39858   0.105   0.91499   0.58969   0.81957   1.26088   0.296
  70 173 Yb  0.0   6.367  7.000E+01  3.000E+00   2   0.179   16   0.659   1.40420   0.12557   8.27577   0.060   0.91234   0.54618   0.82872   1.27495   0.297
  70 174 Yb -2.5   7.465  7.800E+00  9.000E-01   8   1.382   15   1.624   1.45946   0.12533   8.44096   0.150   0.90972   0.10049   0.82262   1.26557   0.287
  70 175 Yb  0.0   5.822  1.620E+02  1.800E+01   3   0.268   15   0.742   1.31346   0.12509   8.48696   0.150   0.90711   0.43440   0.82431   1.26817   0.287
  70 177 Yb  0.0   5.566  1.850E+02  2.000E+01   3   0.150   16   0.622   1.38961   0.12461   8.57590   0.150   0.90198   0.56526   0.81363   1.25175   0.279
  71 176 Lu  3.5   6.288  3.000E+00  4.000E-01   7   0.299   20   0.488   1.38417   0.12485   9.96694   0.180   0.90453   0.01260   0.81769   1.25799   0.278
  71 177 Lu -7.0   7.073  2.750E+00  8.500E-01   7   0.458   20   0.817   1.74810   0.12461   8.57372   0.400   0.90198   0.35745   0.80022   1.23111   0.278
  72 175 Hf  0.0   6.709  1.800E+01  5.000E+00   6   0.213   15   0.475   2.02947   0.12509   8.78825   0.360   0.90711   0.67977   0.79752   1.22695   0.286
  72 177 Hf  0.0   6.383  3.000E+01  7.000E+00   3   0.321   23   0.746   1.76194   0.12461   8.94668   0.310   0.90198   0.58799   0.79971   1.23033   0.277
  72 178 Hf -3.5   7.626  2.400E+00  3.000E-01   7   1.199   18   1.434   1.83623   0.12438   8.61761   0.160   0.89944   0.49225   0.79326   1.22040   0.278
  72 179 Hf  0.0   6.099  5.700E+01  6.000E+00   3   0.269   21   0.743   1.61625   0.12415   8.78384   0.140   0.89692   0.54329   0.79760   1.22708   0.278
  72 180 Hf  4.5   7.388  4.600E+00  3.000E-01   6   1.107   19   1.381   1.58017   0.12392   7.92870   0.085   0.89443   0.52005   0.79523   1.22344   0.279
  72 181 Hf  0.0   5.695  9.400E+01  1.500E+01   8   0.329   15   0.762   1.43091   0.12369   9.37809   0.230   0.89195   0.28553   0.79708   1.22628   0.279
  73 181 Ta  1.0   7.577  1.200E+00  2.000E-01   8   0.543   20   1.403   1.42712   0.12369  10.12661   0.220   0.89195  -0.12962   0.79722   1.22650   0.269
  73 182 Ta  3.5   6.063  4.200E+00  3.000E-01   5   0.163   17   0.396   1.17603   0.12346  10.14641   0.100   0.88950  -0.03825   0.80298   1.23536   0.259
  73 183 Ta -3.0   6.934  3.500E+00  7.000E-01   2   0.143   15   1.030   1.51775   0.12324   8.79190   0.260   0.88707   0.08998   0.78663   1.21020   0.260
  74 181 W   0.0   6.681  2.000E+01  7.000E+00   2   0.251   18   0.675   1.42089   0.12369   9.36303   0.465   0.89195   0.57172   0.79746   1.22686   0.258
  74 183 W   0.0   6.191  6.000E+01  6.000E+00   7   0.309   16   0.631   1.11420   0.12324   9.09205   0.135   0.88707   0.40582   0.80166   1.23333   0.250
  74 184 W  -0.5   7.412  1.200E+01  1.000E+00   8   1.130   24   1.502   1.23481   0.12301   8.89304   0.105   0.88465   0.44517   0.79350   1.22077   0.240
  74 185 W   0.0   5.754  7.000E+01  7.000E+00   8   0.302   29   0.921   1.22450   0.12279   9.69798   0.145   0.88226   0.36276   0.79031   1.21586   0.241
  74 187 W   0.0   5.467  8.500E+01  8.000E+00   8   0.366   20   0.852   1.18643   0.12235  10.31766   0.145   0.87753   0.24631   0.78466   1.20718   0.221
  75 186 Re  2.5   6.179  3.100E+00  3.000E-01   2   0.099   26   0.501   0.93195   0.12257  10.85640   0.135   0.87988  -0.03069   0.79776   1.22732   0.221
  75 188 Re  2.5   5.872  4.100E+00  3.000E-01   2   0.064   20   0.343   0.83838   0.12213  11.13773   0.105   0.87519   0.03083   0.79423   1.22190   0.212
  76 187 Os  0.0   6.290  2.900E+01  3.000E+00   7   0.191   16   0.460   0.98896   0.12235   9.70816   0.140   0.87753   0.60149   0.79205   1.21853   0.212
  76 188 Os -0.5   7.990  4.000E+00  6.000E-01   8   1.181   29   1.771   0.70475   0.12213   9.83985   0.195   0.87519   0.18914   0.79936   1.22978   0.192
  76 189 Os  0.0   5.920  4.700E+01  6.000E+00   8   0.234   25   0.631   0.72029   0.12192  10.15599   0.180   0.87287   0.50098   0.79524   1.22344   0.183
  76 190 Os -1.5   7.792  3.400E+00  4.000E-01   8   1.115   25   1.616   0.30249   0.12170  10.01307   0.150   0.87057   0.21290   0.80804   1.24314   0.164
  76 191 Os  0.0   5.759  7.000E+01  1.000E+01   2   0.084   15   0.437   0.16123   0.12149  10.13112   0.195   0.86829   0.66703   0.81015   1.24638   0.164
  76 193 Os  0.0   5.583  1.150E+02  1.000E+01   8   0.435   15   0.952  -0.61869   0.12107  11.78207   0.135   0.86378   0.00628   0.83547   1.28533   0.155
  77 192 Ir  1.5   6.198  2.500E+00  5.000E-01   5   0.072   25   0.226  -0.03100   0.12128  11.83307   0.270   0.86603   0.45120   0.81440   1.25292   0.145
  77 193 Ir  4.0   7.772  7.000E-01  2.000E-01   5   0.299   17   0.621  -0.50195   0.12107  10.88580   0.350   0.86378   0.44519   0.83046   1.27764   0.136
  77 194 Ir  1.5   6.067  7.000E+00  2.000E+00   8   0.149   27   0.391  -1.00792   0.12086  12.28572   0.390   0.86155   0.01076   0.84893   1.30604   0.136
  78 193 Pt  0.0   6.255  2.200E+01  8.000E+00   8   0.232   19   0.520  -0.34779   0.12107  11.39198   0.505   0.86378   0.61825   0.82395   1.26762  -0.156
  78 195 Pt  0.0   6.105  2.000E+02  8.000E+01   8   0.389   20   0.591  -1.45640   0.12065   9.59972   0.495   0.85934   0.55359   0.86574   1.33191  -0.148
  78 196 Pt -0.5   7.922  1.800E+01  3.000E+00   3   0.877   16   1.610  -2.15168   0.12045  10.88284   0.195   0.85714   0.11057   0.89564   1.37791  -0.139
  78 197 Pt  0.0   5.846  3.500E+02  1.000E+02   7   0.299   15   0.529  -2.49622   0.12024  10.69396   0.355   0.85496   0.29509   0.90940   1.39908  -0.148
  78 199 Pt  0.0   5.556  3.400E+02  9.000E+01   5   0.133   19   0.979  -3.48835   0.11984  12.43576   0.345   0.85066  -0.04899   0.95597   1.47072  -0.113
  79 198 Au  1.5   6.512  1.650E+01  9.000E-01   3   0.193   17   0.406  -3.42272   0.12004  13.08453   0.070   0.85280  -0.22041   0.95619   1.47106  -0.131
  80 199 Hg  0.0   6.664  1.050E+02  3.500E+01   2   0.208   16   0.824  -4.09010   0.11984  13.32908   0.400   0.85066   0.14178   0.99212   1.52634  -0.122
  80 200 Hg -0.5   8.028  8.000E+01  3.000E+01   5   1.515   16   1.776  -4.72088   0.11964  12.11548   0.410   0.84853  -0.21671   1.02877   1.58273  -0.113
  80 201 Hg  0.0   6.230  6.500E+02  1.500E+02   3   0.032   15   1.035  -5.26325   0.11944  12.49096   0.250   0.84641  -0.22073   1.06221   1.63417  -0.105
  80 202 Hg -1.5   7.754  9.000E+01  3.000E+01   8   1.411   24   1.862  -5.92759   0.11924  13.38238   0.355   0.84432  -0.24811   1.10777   1.70426  -0.087
  81 204 Tl  0.5   6.656  2.800E+02  5.000E+01   8   0.432   26   1.135  -7.39785   0.11885  14.57800   0.165   0.84017  -0.20528   1.22689   1.88753  -0.044
  81 206 Tl  0.5   6.504  5.500E+03  1.500E+03   2   0.305   15   1.400  -9.07882   0.11847  18.76645   0.245   0.83608  -1.77029   1.40427   2.16042  -0.018
  82 205 Pb  0.0   6.732  2.000E+03  5.000E+02   8   0.996   17   1.614  -7.56355   0.11866  13.11158   0.220   0.83812  -0.17173   1.23818   1.90490  -0.018
  82 207 Pb  0.0   6.738  3.200E+04  6.000E+03   3   1.633   15   3.428  -9.55428   0.11828  17.59486   0.145   0.83406  -1.49476   1.46228   2.24966  -0.008
  82 208 Pb -0.5   7.368  3.800E+04  8.000E+03   2   3.198   15   4.141  -9.96111   0.11809  16.90610   0.145   0.83205  -1.75515   1.51544   2.33144   0.000
  82 209 Pb  0.0   3.937  4.000E+05  8.000E+04   2   1.423   33   3.557  -8.60729   0.11790  19.05878   0.305   0.83006  -2.22912   1.33003   2.04620  -0.008
  83 210 Bi -4.5   4.605  4.000E+03  7.000E+02   8   0.550   21   1.301  -7.61039   0.11771  13.72812   0.175   0.82808  -0.83052   1.21816   1.87409  -0.018
  88 227 Ra  0.0   4.561  3.100E+01  6.000E+00   8   0.139   17   0.299   3.81650   0.11470  10.80798   0.360   0.79647   0.76603   0.59390   0.91369   0.181
  90 229 Th  0.0   5.257  5.000E+00  3.000E+00   8   0.097   22   0.237   3.25628   0.11436  11.64326   1.165   0.79298   1.00950   0.60377   0.92888   0.190
  90 230 Th  2.5   6.794  6.200E-01  1.200E-01   3   0.357   15   0.884   3.23933   0.11419   9.59929   0.285   0.79126   0.84397   0.60202   0.92619   0.198
  90 231 Th  0.0   5.118  9.600E+00  1.500E+00   3   0.162   16   0.334   3.31885   0.11403  11.25683   0.275   0.78954   0.76531   0.59781   0.91970   0.198
  90 233 Th  0.0   4.786  1.660E+01  6.000E-01   7   0.107   16   0.326   3.55375   0.11370  11.28242   0.070   0.78615   0.68451   0.58761   0.90401   0.215
  91 233 Pa -2.0   6.529  7.500E-01  1.500E-01   7   0.109   20   0.304   3.17563   0.11370   9.56138   0.280   0.78615   0.74744   0.59719   0.91876   0.207
  92 233 U   0.0   5.762  4.600E+00  7.000E-01   5   0.229   15   0.411   2.46929   0.11370  11.68601   0.250   0.78615   0.63218   0.61597   0.94764   0.207
  92 234 U   2.5   6.845  5.500E-01  5.000E-02   3   0.296   15   1.024   2.55780   0.11354  10.46401   0.135   0.78446   0.68168   0.61136   0.94056   0.215
  92 235 U   0.0   5.297  1.200E+01  8.000E-01   4   0.052   16   0.295   2.62567   0.11338  10.96205   0.115   0.78279   0.76444   0.60737   0.93441   0.215
  92 236 U  -3.5   6.545  4.300E-01  2.000E-02   4   0.522   17   1.051   2.75509   0.11322  10.91663   0.080   0.78113   0.66623   0.60178   0.92582   0.215
  92 237 U   0.0   5.126  1.500E+01  1.000E+00   7   0.205   21   0.545   2.74532   0.11306  11.42906   0.120   0.77948   0.52910   0.59992   0.92296   0.215
  92 238 U   0.5   6.154  3.500E+00  8.000E-01   3   0.307   18   1.056   3.01190   0.11290  10.26025   0.375   0.77784   0.66150   0.59089   0.90907   0.215
  92 239 U   0.0   4.806  2.080E+01  3.000E-01   8   0.226   34   0.898   3.07740   0.11274  12.13086   0.030   0.77622   0.27726   0.58716   0.90333   0.223
  93 237 Np -6.0   6.577  6.000E-01  6.000E-02   8   0.226   18   0.369   2.43677   0.11306   9.40305   0.140   0.77948   0.65919   0.60817   0.93565   0.215
  93 238 Np  2.5   5.488  5.700E-01  3.000E-02   2   0.062   15   0.244   2.27384   0.11290  13.36357   0.095   0.77784   0.07156   0.61047   0.93919   0.215
  93 239 Np  2.0   6.215  4.100E-01  1.000E-01   3   0.075   18   0.359   2.68501   0.11274  11.46205   0.380   0.77622   0.69216   0.59732   0.91895   0.223
  94 239 Pu  0.0   5.646  9.000E+00  1.000E+00   4   0.164   15   0.487   1.84997   0.11274  11.75635   0.180   0.77622   0.46653   0.62015   0.95407   0.223
  94 240 Pu  0.5   6.534  2.200E+00  5.000E-02   6   0.649   23   1.137   2.14352   0.11259  11.08311   0.040   0.77460   0.60409   0.60980   0.93815   0.223
  94 241 Pu  0.0   5.242  1.240E+01  7.000E-01   6   0.175   17   0.404   2.18490   0.11243  11.75547   0.100   0.77299   0.59187   0.60656   0.93316   0.224
  94 242 Pu  2.5   6.310  7.300E-01  8.000E-02   8   0.865   15   1.084   2.45144   0.11228  11.50687   0.180   0.77139   0.53922   0.59729   0.91891   0.224
  94 243 Pu  0.0   5.034  1.350E+01  1.500E+00   2   0.125   18   0.626   2.45773   0.11212  11.98646   0.200   0.76980   0.43812   0.59508   0.91550   0.224
  94 245 Pu  0.0   4.771  1.900E+01  3.000E+00   7   0.459   15   0.758   2.79874   0.11182  12.92649   0.320   0.76665   0.20440   0.58218   0.89567   0.235
  95 242 Am -2.5   5.538  5.800E-01  4.000E-02   8   0.150   16   0.274   1.68435   0.11228  13.89410   0.125   0.77139   0.01748   0.61842   0.95142   0.224
  95 243 Am -1.0   6.365  4.000E-01  8.000E-02   7   0.189   18   0.466   2.09846   0.11212  12.57063   0.315   0.76980   0.56205   0.60475   0.93039   0.224
  95 244 Am -2.5   5.366  7.300E-01  6.000E-02   7   0.195   15   0.341   1.97570   0.11197  14.15199   0.150   0.76822  -0.14399   0.60605   0.93239   0.224
  96 243 Cm  0.0   5.693  1.400E+01  3.000E+00   8   0.187   24   1.046   1.35762   0.11212  11.65392   0.350   0.76980   0.05022   0.62573   0.96266   0.234
  96 244 Cm  2.5   6.801  7.500E-01  1.500E-01   3   0.296   12   1.187   1.53420   0.11197  11.60810   0.310   0.76822   0.49834   0.61848   0.95150   0.234
  96 245 Cm  0.0   5.520  1.180E+01  1.200E+00   3   0.197   27   0.672   1.45993   0.11182  11.91484   0.170   0.76665   0.47441   0.61851   0.95155   0.234
  96 246 Cm  3.5   6.458  1.300E+00  2.000E-01   6   0.876   16   1.165   1.73038   0.11166  10.83210   0.240   0.76509   0.34489   0.60874   0.93652   0.234
  96 247 Cm  0.0   5.156  3.000E+01  5.000E+00   5   0.266   18   0.448   1.77894   0.11151  10.79487   0.265   0.76354   0.62987   0.60533   0.93128   0.235
  96 248 Cm -4.5   6.213  1.400E+00  3.000E-01   4   0.505   15   1.235   2.04999   0.11136  10.64995   0.350   0.76200   0.36492   0.59588   0.91674   0.235
  96 249 Cm  0.0   4.713  2.800E+01  5.000E+00   8   0.220   21   0.593   2.30495   0.11121  12.17306   0.340   0.76047   0.37045   0.58710   0.90323   0.235
  97 250 Bk  3.5   4.970  1.100E+00  1.000E-01   7   0.104   18   0.180   1.82202   0.11106  13.42855   0.160   0.75895   0.23452   0.59809   0.92014   0.235
  98 250 Cf -4.5   6.625  7.000E-01  1.000E-01   4   0.500   16   1.210   1.02081   0.11106  11.88760   0.225   0.75895   0.37425   0.62088   0.95521   0.245
  98 251 Cf  0.0   5.109  1.200E+01  2.000E+00   7   0.178   19   0.442   1.27659   0.11092  13.09743   0.295   0.75743   0.56195   0.61138   0.94059   0.236
